[  1.00000000e+00   1.00000000e+00   4.06955418e-16   1.44762371e-03
   1.00000000e+00   9.99999523e-01   7.23487169e-37   6.20692670e-01
   1.00000000e+00   5.84651309e-04   1.00000000e+00   3.03140542e-33
   1.00000000e+00   2.79854466e-05   1.00000000e+00   6.30743336e-03
   1.78874590e-33   2.60347008e-07]


[  0.00000000e+00   1.41495146e-38   0.00000000e+00   1.00000000e+00
   1.00000000e+00   0.00000000e+00   1.00000000e+00   0.00000000e+00
   0.00000000e+00   4.68782093e-37   0.00000000e+00   0.00000000e+00
   1.00000000e+00   2.78932269e-15   0.00000000e+00   3.61724701e-30
   0.00000000e+00   1.00000000e+00]


[  0.00000000e+00   0.00000000e+00   0.00000000e+00   1.00000000e+00
   1.00000000e+00   0.00000000e+00   1.00000000e+00   0.00000000e+00
   0.00000000e+00   8.69801477e-35   0.00000000e+00   0.00000000e+00
   1.00000000e+00   3.45027140e-15   0.00000000e+00   2.28245597e-31
   0.00000000e+00   1.00000000e+00]


[  0.00000000e+00   0.00000000e+00   0.00000000e+00   1.00000000e+00
   1.00000000e+00   0.00000000e+00   1.00000000e+00   0.00000000e+00
   0.00000000e+00   2.08386364e-35   0.00000000e+00   0.00000000e+00
   1.00000000e+00   1.13137818e-14   0.00000000e+00   1.03501418e-32
   0.00000000e+00   1.00000000e+00]


[  0.00000000e+00   0.00000000e+00   0.00000000e+00   1.00000000e+00
   1.00000000e+00   0.00000000e+00   1.00000000e+00   0.00000000e+00
   0.00000000e+00   0.00000000e+00   0.00000000e+00   0.00000000e+00
   1.00000000e+00   9.74200560e-08   0.00000000e+00   1.07796204e-32
   0.00000000e+00   1.00000000e+00]


[  0.00000000e+00   0.00000000e+00   0.00000000e+00   1.00000000e+00
   1.00000000e+00   0.00000000e+00   1.00000000e+00   0.00000000e+00
   0.00000000e+00   2.03202669e-38   0.00000000e+00   0.00000000e+00
   1.00000000e+00   1.84233982e-11   0.00000000e+00   7.75284442e-33
   0.00000000e+00   1.00000000e+00]


[  0.00000000e+00   0.00000000e+00   0.00000000e+00   1.00000000e+00
   1.00000000e+00   0.00000000e+00   1.00000000e+00   0.00000000e+00
   0.00000000e+00   7.54722134e-37   0.00000000e+00   0.00000000e+00
   1.00000000e+00   5.39816232e-14   0.00000000e+00   1.96629876e-34
   0.00000000e+00   1.00000000e+00]


[  0.00000000e+00   0.00000000e+00   0.00000000e+00   1.00000000e+00
   1.00000000e+00   0.00000000e+00   1.00000000e+00   0.00000000e+00
   0.00000000e+00   3.29319334e-35   0.00000000e+00   0.00000000e+00
   1.00000000e+00   3.22605754e-15   0.00000000e+00   2.90602056e-36
   0.00000000e+00   1.00000000e+00]


[  0.00000000e+00   0.00000000e+00   0.00000000e+00   1.00000000e+00
   1.00000000e+00   0.00000000e+00   1.00000000e+00   0.00000000e+00
   0.00000000e+00   4.69156739e-34   0.00000000e+00   0.00000000e+00
   1.00000000e+00   7.58392590e-16   0.00000000e+00   8.60207914e-38
   0.00000000e+00   1.00000000e+00]


[  0.00000000e+00   0.00000000e+00   0.00000000e+00   1.00000000e+00
   1.00000000e+00   0.00000000e+00   1.00000000e+00   0.00000000e+00
   0.00000000e+00   1.23957231e-32   0.00000000e+00   0.00000000e+00
   1.00000000e+00   6.11861330e-17   0.00000000e+00   0.00000000e+00
   0.00000000e+00   1.00000000e+00]


[  0.00000000e+00   0.00000000e+00   0.00000000e+00   1.00000000e+00
   1.00000000e+00   0.00000000e+00   1.00000000e+00   0.00000000e+00
   0.00000000e+00   6.23296758e-31   0.00000000e+00   0.00000000e+00
   1.00000000e+00   4.13937970e-18   0.00000000e+00   0.00000000e+00
   0.00000000e+00   1.00000000e+00]


[  0.00000000e+00   0.00000000e+00   0.00000000e+00   1.00000000e+00
   1.00000000e+00   0.00000000e+00   1.00000000e+00   0.00000000e+00
   0.00000000e+00   1.20268841e-29   0.00000000e+00   0.00000000e+00
   1.00000000e+00   9.95085288e-20   0.00000000e+00   0.00000000e+00
   0.00000000e+00   1.00000000e+00]


[  0.00000000e+00   0.00000000e+00   0.00000000e+00   1.00000000e+00
   1.00000000e+00   0.00000000e+00   1.00000000e+00   0.00000000e+00
   0.00000000e+00   2.15728219e-21   0.00000000e+00   0.00000000e+00
   1.00000000e+00   1.01428043e-22   0.00000000e+00   0.00000000e+00
   0.00000000e+00   1.00000000e+00]


[  0.00000000e+00   0.00000000e+00   0.00000000e+00   1.00000000e+00
   1.00000000e+00   0.00000000e+00   1.00000000e+00   0.00000000e+00
   0.00000000e+00   7.62005713e-24   0.00000000e+00   0.00000000e+00
   1.00000000e+00   1.34404606e-23   0.00000000e+00   0.00000000e+00
   0.00000000e+00   1.00000000e+00]


[  0.00000000e+00   0.00000000e+00   0.00000000e+00   1.00000000e+00
   1.00000000e+00   0.00000000e+00   1.00000000e+00   0.00000000e+00
   0.00000000e+00   5.41778486e-20   0.00000000e+00   0.00000000e+00
   1.00000000e+00   1.53310325e-26   0.00000000e+00   0.00000000e+00
   0.00000000e+00   1.00000000e+00]


[  0.00000000e+00   0.00000000e+00   0.00000000e+00   1.00000000e+00
   1.00000000e+00   0.00000000e+00   1.00000000e+00   0.00000000e+00
   0.00000000e+00   4.74892132e-17   0.00000000e+00   0.00000000e+00
   1.00000000e+00   1.14140106e-28   0.00000000e+00   0.00000000e+00
   0.00000000e+00   1.00000000e+00]


[  0.00000000e+00   0.00000000e+00   0.00000000e+00   1.00000000e+00
   1.00000000e+00   0.00000000e+00   1.00000000e+00   0.00000000e+00
   0.00000000e+00   2.10271508e-14   0.00000000e+00   0.00000000e+00
   1.00000000e+00   5.81814785e-31   0.00000000e+00   0.00000000e+00
   0.00000000e+00   1.00000000e+00]


[  0.00000000e+00   0.00000000e+00   0.00000000e+00   1.00000000e+00
   1.00000000e+00   0.00000000e+00   1.00000000e+00   0.00000000e+00
   0.00000000e+00   3.01433808e-11   0.00000000e+00   0.00000000e+00
   1.00000000e+00   2.19457155e-32   0.00000000e+00   0.00000000e+00
   0.00000000e+00   1.00000000e+00]


[  0.00000000e+00   0.00000000e+00   0.00000000e+00   1.00000000e+00
   1.00000000e+00   0.00000000e+00   1.00000000e+00   0.00000000e+00
   0.00000000e+00   8.10347061e-08   0.00000000e+00   0.00000000e+00
   1.00000000e+00   1.11801148e-33   0.00000000e+00   0.00000000e+00
   0.00000000e+00   1.00000000e+00]


[  0.00000000e+00   0.00000000e+00   0.00000000e+00   1.00000000e+00
   1.00000000e+00   0.00000000e+00   1.00000000e+00   0.00000000e+00
   0.00000000e+00   3.88785429e-06   0.00000000e+00   0.00000000e+00
   1.00000000e+00   4.37293145e-37   0.00000000e+00   0.00000000e+00
   0.00000000e+00   1.00000000e+00]


[ 0.          0.          0.          1.          1.          0.          1.
  0.          0.          0.03097557  0.          0.          1.          0.
  0.          0.          0.          1.        ]


[ 0.          0.          0.          1.          1.          0.          1.
  0.          0.          0.92609417  0.          0.          1.          0.
  0.          0.          0.          1.        ]


[ 0.          0.          0.          1.          1.          0.          1.
  0.          0.          0.99916506  0.          0.          1.          0.
  0.          0.          0.          1.        ]


[  0.00000000e+00   0.00000000e+00   0.00000000e+00   1.00000000e+00
   1.00000000e+00   0.00000000e+00   1.00000000e+00   0.00000000e+00
   0.00000000e+00   9.99557197e-01   0.00000000e+00   0.00000000e+00
   1.00000000e+00   1.46619091e-37   0.00000000e+00   0.00000000e+00
   0.00000000e+00   1.00000000e+00]


[  0.00000000e+00   0.00000000e+00   0.00000000e+00   1.00000000e+00
   1.00000000e+00   0.00000000e+00   1.00000000e+00   0.00000000e+00
   0.00000000e+00   9.98341322e-01   0.00000000e+00   0.00000000e+00
   1.00000000e+00   3.21716572e-34   0.00000000e+00   0.00000000e+00
   0.00000000e+00   1.00000000e+00]


[  0.00000000e+00   0.00000000e+00   0.00000000e+00   1.00000000e+00
   1.00000000e+00   0.00000000e+00   1.00000000e+00   0.00000000e+00
   0.00000000e+00   9.99592006e-01   0.00000000e+00   0.00000000e+00
   1.00000000e+00   1.63524562e-33   0.00000000e+00   0.00000000e+00
   0.00000000e+00   1.00000000e+00]


[  0.00000000e+00   0.00000000e+00   0.00000000e+00   1.00000000e+00
   1.00000000e+00   0.00000000e+00   1.00000000e+00   0.00000000e+00
   0.00000000e+00   9.99987364e-01   0.00000000e+00   0.00000000e+00
   1.00000000e+00   1.79861053e-35   0.00000000e+00   0.00000000e+00
   0.00000000e+00   1.00000000e+00]


[  0.00000000e+00   0.00000000e+00   0.00000000e+00   1.00000000e+00
   1.00000000e+00   0.00000000e+00   1.00000000e+00   0.00000000e+00
   0.00000000e+00   9.99997258e-01   0.00000000e+00   0.00000000e+00
   1.00000000e+00   1.23819518e-35   0.00000000e+00   0.00000000e+00
   0.00000000e+00   1.00000000e+00]


[  0.00000000e+00   0.00000000e+00   0.00000000e+00   1.00000000e+00
   1.00000000e+00   0.00000000e+00   1.00000000e+00   0.00000000e+00
   0.00000000e+00   9.99998927e-01   0.00000000e+00   0.00000000e+00
   1.00000000e+00   1.46126277e-34   0.00000000e+00   0.00000000e+00
   0.00000000e+00   1.00000000e+00]


[  0.00000000e+00   0.00000000e+00   0.00000000e+00   1.00000000e+00
   1.00000000e+00   0.00000000e+00   1.00000000e+00   0.00000000e+00
   0.00000000e+00   9.99995470e-01   0.00000000e+00   0.00000000e+00
   1.00000000e+00   3.76830134e-33   0.00000000e+00   0.00000000e+00
   0.00000000e+00   1.00000000e+00]


[  0.00000000e+00   0.00000000e+00   0.00000000e+00   1.00000000e+00
   1.00000000e+00   0.00000000e+00   1.00000000e+00   0.00000000e+00
   0.00000000e+00   9.99632359e-01   0.00000000e+00   0.00000000e+00
   1.00000000e+00   3.63660472e-29   0.00000000e+00   0.00000000e+00
   0.00000000e+00   1.00000000e+00]


[  0.00000000e+00   0.00000000e+00   0.00000000e+00   1.00000000e+00
   1.00000000e+00   0.00000000e+00   1.00000000e+00   0.00000000e+00
   0.00000000e+00   4.23837267e-02   0.00000000e+00   0.00000000e+00
   1.00000000e+00   8.84133424e-26   0.00000000e+00   0.00000000e+00
   0.00000000e+00   1.00000000e+00]


[  0.00000000e+00   0.00000000e+00   0.00000000e+00   1.00000000e+00
   1.00000000e+00   0.00000000e+00   1.00000000e+00   0.00000000e+00
   0.00000000e+00   1.50042510e-07   0.00000000e+00   0.00000000e+00
   1.00000000e+00   1.03807999e-22   0.00000000e+00   0.00000000e+00
   0.00000000e+00   1.00000000e+00]


[  0.00000000e+00   0.00000000e+00   0.00000000e+00   9.99999881e-01
   1.00000000e+00   0.00000000e+00   1.00000000e+00   0.00000000e+00
   0.00000000e+00   1.40841176e-11   0.00000000e+00   0.00000000e+00
   1.00000000e+00   3.43360087e-20   0.00000000e+00   0.00000000e+00
   0.00000000e+00   1.00000000e+00]


[  0.00000000e+00   0.00000000e+00   0.00000000e+00   9.99999762e-01
   1.00000000e+00   0.00000000e+00   1.00000000e+00   0.00000000e+00
   0.00000000e+00   1.86207115e-14   0.00000000e+00   0.00000000e+00
   1.00000000e+00   5.84211404e-19   0.00000000e+00   0.00000000e+00
   0.00000000e+00   1.00000000e+00]


[  0.00000000e+00   0.00000000e+00   0.00000000e+00   1.00000000e+00
   1.00000000e+00   0.00000000e+00   1.00000000e+00   0.00000000e+00
   0.00000000e+00   2.07571793e-14   0.00000000e+00   0.00000000e+00
   1.00000000e+00   4.79909716e-23   0.00000000e+00   0.00000000e+00
   0.00000000e+00   1.00000000e+00]


[  0.00000000e+00   0.00000000e+00   0.00000000e+00   1.00000000e+00
   1.00000000e+00   0.00000000e+00   1.00000000e+00   0.00000000e+00
   0.00000000e+00   1.23715914e-12   0.00000000e+00   0.00000000e+00
   1.00000000e+00   2.14807730e-28   0.00000000e+00   0.00000000e+00
   0.00000000e+00   1.00000000e+00]


[  0.00000000e+00   0.00000000e+00   0.00000000e+00   1.00000000e+00
   1.00000000e+00   0.00000000e+00   1.00000000e+00   0.00000000e+00
   0.00000000e+00   1.45988763e-10   0.00000000e+00   0.00000000e+00
   1.00000000e+00   4.07015953e-31   0.00000000e+00   0.00000000e+00
   0.00000000e+00   1.00000000e+00]


[  0.00000000e+00   0.00000000e+00   0.00000000e+00   1.00000000e+00
   1.00000000e+00   0.00000000e+00   1.00000000e+00   0.00000000e+00
   0.00000000e+00   1.37557290e-08   0.00000000e+00   0.00000000e+00
   1.00000000e+00   2.64647213e-32   0.00000000e+00   0.00000000e+00
   0.00000000e+00   1.00000000e+00]


[  0.00000000e+00   0.00000000e+00   0.00000000e+00   1.00000000e+00
   1.00000000e+00   0.00000000e+00   1.00000000e+00   0.00000000e+00
   0.00000000e+00   1.03327727e-06   0.00000000e+00   0.00000000e+00
   1.00000000e+00   4.83866829e-33   0.00000000e+00   0.00000000e+00
   0.00000000e+00   1.00000000e+00]


[  0.00000000e+00   0.00000000e+00   0.00000000e+00   1.00000000e+00
   1.00000000e+00   0.00000000e+00   1.00000000e+00   0.00000000e+00
   0.00000000e+00   1.97581001e-04   0.00000000e+00   0.00000000e+00
   1.00000000e+00   6.23312400e-34   0.00000000e+00   0.00000000e+00
   0.00000000e+00   1.00000000e+00]


[  0.00000000e+00   0.00000000e+00   0.00000000e+00   1.00000000e+00
   1.00000000e+00   0.00000000e+00   1.00000000e+00   0.00000000e+00
   0.00000000e+00   4.54636477e-02   0.00000000e+00   0.00000000e+00
   1.00000000e+00   8.98850939e-35   0.00000000e+00   0.00000000e+00
   0.00000000e+00   1.00000000e+00]


[  0.00000000e+00   0.00000000e+00   0.00000000e+00   1.00000000e+00
   1.00000000e+00   0.00000000e+00   1.00000000e+00   0.00000000e+00
   0.00000000e+00   8.84196103e-01   0.00000000e+00   0.00000000e+00
   1.00000000e+00   2.64789171e-35   0.00000000e+00   0.00000000e+00
   0.00000000e+00   1.00000000e+00]


